
Endereço virtual: 1024
Endereço físico: 0
Tabela de páginas: [
  -1,
  0,
  -1,
  -1,
  -1,
  -1,
  -1,
  -1,
  -1,
  -1,
  -1,
  -1,
  -1,
  -1,
  -1,
  -1,
  -1,
  -1,
  -1,
  -1,
  -1,
  -1,
  -1,
  -1,
  -1,
  -1,
  -1,
  -1,
  -1,
  -1,
  -1,
  -1,
  -1,
  -1,
  -1,
  -1,
  -1,
  -1,
  -1,
  -1,
  -1,
  -1,
  -1,
  -1,
  -1,
  -1,
  -1,
  -1,
  -1,
  -1,
  -1,
  -1,
  -1,
  -1,
  -1,
  -1,
  -1,
  -1,
  -1,
  -1,
  -1,
  -1,
  -1,
  -1
]
Memória física: [1,-1,-1,-1,-1,-1,-1,-1,-1,-1,-1,-1,-1,-1,-1,-1]

Endereço virtual: 4098
Endereço físico: 1026
Tabela de páginas: [
  -1,
  0,
  -1,
  -1,
  1,
  -1,
  -1,
  -1,
  -1,
  -1,
  -1,
  -1,
  -1,
  -1,
  -1,
  -1,
  -1,
  -1,
  -1,
  -1,
  -1,
  -1,
  -1,
  -1,
  -1,
  -1,
  -1,
  -1,
  -1,
  -1,
  -1,
  -1,
  -1,
  -1,
  -1,
  -1,
  -1,
  -1,
  -1,
  -1,
  -1,
  -1,
  -1,
  -1,
  -1,
  -1,
  -1,
  -1,
  -1,
  -1,
  -1,
  -1,
  -1,
  -1,
  -1,
  -1,
  -1,
  -1,
  -1,
  -1,
  -1,
  -1,
  -1,
  -1
]
Memória física: [1,4,-1,-1,-1,-1,-1,-1,-1,-1,-1,-1,-1,-1,-1,-1]

Endereço virtual: 16385
Endereço físico: 2049
Tabela de páginas: [
  -1,
  0,
  -1,
  -1,
  1,
  -1,
  -1,
  -1,
  -1,
  -1,
  -1,
  -1,
  -1,
  -1,
  -1,
  -1,
  2,
  -1,
  -1,
  -1,
  -1,
  -1,
  -1,
  -1,
  -1,
  -1,
  -1,
  -1,
  -1,
  -1,
  -1,
  -1,
  -1,
  -1,
  -1,
  -1,
  -1,
  -1,
  -1,
  -1,
  -1,
  -1,
  -1,
  -1,
  -1,
  -1,
  -1,
  -1,
  -1,
  -1,
  -1,
  -1,
  -1,
  -1,
  -1,
  -1,
  -1,
  -1,
  -1,
  -1,
  -1,
  -1,
  -1,
  -1
]
Memória física: [1,4,16,-1,-1,-1,-1,-1,-1,-1,-1,-1,-1,-1,-1,-1]

Endereço virtual: 8000
Endereço físico: 3904
Tabela de páginas: [
  -1,
  0,
  -1,
  -1,
  1,
  -1,
  -1,
  3,
  -1,
  -1,
  -1,
  -1,
  -1,
  -1,
  -1,
  -1,
  2,
  -1,
  -1,
  -1,
  -1,
  -1,
  -1,
  -1,
  -1,
  -1,
  -1,
  -1,
  -1,
  -1,
  -1,
  -1,
  -1,
  -1,
  -1,
  -1,
  -1,
  -1,
  -1,
  -1,
  -1,
  -1,
  -1,
  -1,
  -1,
  -1,
  -1,
  -1,
  -1,
  -1,
  -1,
  -1,
  -1,
  -1,
  -1,
  -1,
  -1,
  -1,
  -1,
  -1,
  -1,
  -1,
  -1,
  -1
]
Memória física: [1,4,16,7,-1,-1,-1,-1,-1,-1,-1,-1,-1,-1,-1,-1]
